phys_speed = 103.920000
ERRORS = 
logic_paths = ( 6.934000, 6.838000, 0.096000, valid(2), r3(8),  ), ( 6.911000, 6.815000, 0.096000, valid(1), r3(8),  ), ( 6.711000, 6.615000, 0.096000, valid(0), r3(8),  ), ( 5.647000, 5.551000, 0.096000, e(0), r3(8),  ), ( 5.627000, 5.531000, 0.096000, a(0), r3(8),  )
phys_regs = 204
phys_luts = 299
logic_time = 6.934000
phys_area = 432
logic_regs = 204
logic_luts = 296
logic_area = 296
logic_speed = 144
phys_time = 9.622787
